0 1 1065353216 1065353216
1 2 8388608 8388608
2 3 4194304 4194304
3 4 4194304 4194304
4 5 2097152 2097152
5 6 2097152 2097152
6 7 2097152 2097152
7 8 2097152 2097152
8 9 1048576 1048576
9 10 1048576 1048576
10 11 1048576 1048576
11 12 1048576 1048576
12 13 1048576 1048576
13 14 1048576 1048576
14 15 1048576 1048576
15 16 1048576 1048576
16 17 524288 524288
17 18 524288 524288
18 19 524288 524288
19 20 524288 524288
20 21 524288 524288
21 22 524288 524288
22 23 524288 524288
23 24 524288 524288
24 25 524288 524288
25 26 524288 524288
26 27 524288 524288
27 28 524288 524288
28 29 524288 524288
29 30 524288 524288
30 31 524288 524288
31 32 524288 524288
32 33 262144 262144
33 34 262144 262144
34 35 262144 262144
35 36 262144 262144
36 37 262144 262144
37 38 262144 262144
38 39 262144 262144
39 40 262144 262144
40 41 262144 262144
41 42 262144 262144
42 43 262144 262144
43 44 262144 262144
44 45 262144 262144
45 46 262144 262144
46 47 262144 262144
47 48 262144 262144
48 49 262144 262144
49 50 262144 262144
50 51 262144 262144
51 52 262144 262144
52 53 262144 262144
53 54 262144 262144
54 55 262144 262144
55 56 262144 262144
56 57 262144 262144
57 58 262144 262144
58 59 262144 262144
59 60 262144 262144
60 61 262144 262144
61 62 262144 262144
62 63 262144 262144
63 64 262144 262144
64 65 131072 131072
65 66 131072 131072
66 67 131072 131072
67 68 131072 131072
68 69 131072 131072
69 70 131072 131072
70 71 131072 131072
71 72 131072 131072
72 73 131072 131072
73 74 131072 131072
74 75 131072 131072
75 76 131072 131072
76 77 131072 131072
77 78 131072 131072
78 79 131072 131072
79 80 131072 131072
80 81 131072 131072
81 82 131072 131072
82 83 131072 131072
83 84 131072 131072
84 85 131072 131072
85 86 131072 131072
86 87 131072 131072
87 88 131072 131072
88 89 131072 131072
89 90 131072 131072
90 91 131072 131072
91 92 131072 131072
92 93 131072 131072
93 94 131072 131072
94 95 131072 131072
95 96 131072 131072
96 97 131072 131072
97 98 131072 131072
98 99 131072 131072
99 100 131072 131072
100 101 131072 131072
101 102 131072 131072
102 103 131072 131072
103 104 131072 131072
104 105 131072 131072
105 106 131072 131072
106 107 131072 131072
107 108 131072 131072
108 109 131072 131072
109 110 131072 131072
110 111 131072 131072
111 112 131072 131072
112 113 131072 131072
113 114 131072 131072
114 115 131072 131072
115 116 131072 131072
116 117 131072 131072
117 118 131072 131072
118 119 131072 131072
119 120 131072 131072
120 121 131072 131072
121 122 131072 131072
122 123 131072 131072
123 124 131072 131072
124 125 131072 131072
125 126 131072 131072
126 127 131072 131072
127 128 131072 131072
128 129 65536 65536
129 130 65536 65536
130 131 65536 65536
131 132 65536 65536
132 133 65536 65536
133 134 65536 65536
134 135 65536 65536
135 136 65536 65536
136 137 65536 65536
137 138 65536 65536
138 139 65536 65536
139 140 65536 65536
140 141 65536 65536
141 142 65536 65536
142 143 65536 65536
143 144 65536 65536
144 145 65536 65536
145 146 65536 65536
146 147 65536 65536
147 148 65536 65536
148 149 65536 65536
149 150 65536 65536
150 151 65536 65536
151 152 65536 65536
152 153 65536 65536
153 154 65536 65536
154 155 65536 65536
155 156 65536 65536
156 157 65536 65536
157 158 65536 65536
158 159 65536 65536
159 160 65536 65536
160 161 65536 65536
161 162 65536 65536
162 163 65536 65536
163 164 65536 65536
164 165 65536 65536
165 166 65536 65536
166 167 65536 65536
167 168 65536 65536
168 169 65536 65536
169 170 65536 65536
170 171 65536 65536
171 172 65536 65536
172 173 65536 65536
173 174 65536 65536
174 175 65536 65536
175 176 65536 65536
176 177 65536 65536
177 178 65536 65536
178 179 65536 65536
179 180 65536 65536
180 181 65536 65536
181 182 65536 65536
182 183 65536 65536
183 184 65536 65536
184 185 65536 65536
185 186 65536 65536
186 187 65536 65536
187 188 65536 65536
188 189 65536 65536
189 190 65536 65536
190 191 65536 65536
191 192 65536 65536
192 193 65536 65536
193 194 65536 65536
194 195 65536 65536
195 196 65536 65536
196 197 65536 65536
197 198 65536 65536
198 199 65536 65536
199 200 65536 65536
200 201 65536 65536
201 202 65536 65536
202 203 65536 65536
203 204 65536 65536
204 205 65536 65536
205 206 65536 65536
206 207 65536 65536
207 208 65536 65536
208 209 65536 65536
209 210 65536 65536
210 211 65536 65536
211 212 65536 65536
212 213 65536 65536
213 214 65536 65536
214 215 65536 65536
215 216 65536 65536
216 217 65536 65536
217 218 65536 65536
218 219 65536 65536
219 220 65536 65536
220 221 65536 65536
221 222 65536 65536
222 223 65536 65536
223 224 65536 65536
224 225 65536 65536
225 226 65536 65536
226 227 65536 65536
227 228 65536 65536
228 229 65536 65536
229 230 65536 65536
230 231 65536 65536
231 232 65536 65536
232 233 65536 65536
233 234 65536 65536
234 235 65536 65536
235 236 65536 65536
236 237 65536 65536
237 238 65536 65536
238 239 65536 65536
239 240 65536 65536
240 241 65536 65536
241 242 65536 65536
242 243 65536 65536
243 244 65536 65536
244 245 65536 65536
245 246 65536 65536
246 247 65536 65536
247 248 65536 65536
248 249 65536 65536
249 250 65536 65536
250 251 65536 65536
251 252 65536 65536
252 253 65536 65536
253 254 65536 65536
254 255 65536 65536
255 256 65536 65536
256 257 32768 32768
257 258 32768 32768
258 259 32768 32768
259 260 32768 32768
260 261 32768 32768
261 262 32768 32768
262 263 32768 32768
263 264 32768 32768
264 265 32768 32768
265 266 32768 32768
266 267 32768 32768
267 268 32768 32768
268 269 32768 32768
269 270 32768 32768
270 271 32768 32768
271 272 32768 32768
272 273 32768 32768
273 274 32768 32768
274 275 32768 32768
275 276 32768 32768
276 277 32768 32768
277 278 32768 32768
278 279 32768 32768
279 280 32768 32768
280 281 32768 32768
281 282 32768 32768
282 283 32768 32768
283 284 32768 32768
284 285 32768 32768
285 286 32768 32768
286 287 32768 32768
287 288 32768 32768
288 289 32768 32768
289 290 32768 32768
290 291 32768 32768
291 292 32768 32768
292 293 32768 32768
293 294 32768 32768
294 295 32768 32768
295 296 32768 32768
296 297 32768 32768
297 298 32768 32768
298 299 32768 32768
299 300 32768 32768
300 301 32768 32768
301 302 32768 32768
302 303 32768 32768
303 304 32768 32768
304 305 32768 32768
305 306 32768 32768
306 307 32768 32768
307 308 32768 32768
308 309 32768 32768
309 310 32768 32768
310 311 32768 32768
311 312 32768 32768
312 313 32768 32768
313 314 32768 32768
314 315 32768 32768
315 316 32768 32768
316 317 32768 32768
317 318 32768 32768
318 319 32768 32768
319 320 32768 32768
320 321 32768 32768
321 322 32768 32768
322 323 32768 32768
323 324 32768 32768
324 325 32768 32768
325 326 32768 32768
326 327 32768 32768
327 328 32768 32768
328 329 32768 32768
329 330 32768 32768
330 331 32768 32768
331 332 32768 32768
332 333 32768 32768
333 334 32768 32768
334 335 32768 32768
335 336 32768 32768
336 337 32768 32768
337 338 32768 32768
338 339 32768 32768
339 340 32768 32768
340 341 32768 32768
341 342 32768 32768
342 343 32768 32768
343 344 32768 32768
344 345 32768 32768
345 346 32768 32768
346 347 32768 32768
347 348 32768 32768
348 349 32768 32768
349 350 32768 32768
350 351 32768 32768
351 352 32768 32768
352 353 32768 32768
353 354 32768 32768
354 355 32768 32768
355 356 32768 32768
356 357 32768 32768
357 358 32768 32768
358 359 32768 32768
359 360 32768 32768
360 361 32768 32768
361 362 32768 32768
362 363 32768 32768
363 364 32768 32768
364 365 32768 32768
365 366 32768 32768
366 367 32768 32768
367 368 32768 32768
368 369 32768 32768
369 370 32768 32768
370 371 32768 32768
371 372 32768 32768
372 373 32768 32768
373 374 32768 32768
374 375 32768 32768
375 376 32768 32768
376 377 32768 32768
377 378 32768 32768
378 379 32768 32768
379 380 32768 32768
380 381 32768 32768
381 382 32768 32768
382 383 32768 32768
383 384 32768 32768
384 385 32768 32768
385 386 32768 32768
386 387 32768 32768
387 388 32768 32768
388 389 32768 32768
389 390 32768 32768
390 391 32768 32768
391 392 32768 32768
392 393 32768 32768
393 394 32768 32768
394 395 32768 32768
395 396 32768 32768
396 397 32768 32768
397 398 32768 32768
398 399 32768 32768
399 400 32768 32768
400 401 32768 32768
401 402 32768 32768
402 403 32768 32768
403 404 32768 32768
404 405 32768 32768
405 406 32768 32768
406 407 32768 32768
407 408 32768 32768
408 409 32768 32768
409 410 32768 32768
410 411 32768 32768
411 412 32768 32768
412 413 32768 32768
413 414 32768 32768
414 415 32768 32768
415 416 32768 32768
416 417 32768 32768
417 418 32768 32768
418 419 32768 32768
419 420 32768 32768
420 421 32768 32768
421 422 32768 32768
422 423 32768 32768
423 424 32768 32768
424 425 32768 32768
425 426 32768 32768
426 427 32768 32768
427 428 32768 32768
428 429 32768 32768
429 430 32768 32768
430 431 32768 32768
431 432 32768 32768
432 433 32768 32768
433 434 32768 32768
434 435 32768 32768
435 436 32768 32768
436 437 32768 32768
437 438 32768 32768
438 439 32768 32768
439 440 32768 32768
440 441 32768 32768
441 442 32768 32768
442 443 32768 32768
443 444 32768 32768
444 445 32768 32768
445 446 32768 32768
446 447 32768 32768
447 448 32768 32768
448 449 32768 32768
449 450 32768 32768
450 451 32768 32768
451 452 32768 32768
452 453 32768 32768
453 454 32768 32768
454 455 32768 32768
455 456 32768 32768
456 457 32768 32768
457 458 32768 32768
458 459 32768 32768
459 460 32768 32768
460 461 32768 32768
461 462 32768 32768
462 463 32768 32768
463 464 32768 32768
464 465 32768 32768
465 466 32768 32768
466 467 32768 32768
467 468 32768 32768
468 469 32768 32768
469 470 32768 32768
470 471 32768 32768
471 472 32768 32768
472 473 32768 32768
473 474 32768 32768
474 475 32768 32768
475 476 32768 32768
476 477 32768 32768
477 478 32768 32768
478 479 32768 32768
479 480 32768 32768
480 481 32768 32768
481 482 32768 32768
482 483 32768 32768
483 484 32768 32768
484 485 32768 32768
485 486 32768 32768
486 487 32768 32768
487 488 32768 32768
488 489 32768 32768
489 490 32768 32768
490 491 32768 32768
491 492 32768 32768
492 493 32768 32768
493 494 32768 32768
494 495 32768 32768
495 496 32768 32768
496 497 32768 32768
497 498 32768 32768
498 499 32768 32768
499 500 32768 32768
500 501 32768 32768
501 502 32768 32768
502 503 32768 32768
503 504 32768 32768
504 505 32768 32768
505 506 32768 32768
506 507 32768 32768
507 508 32768 32768
508 509 32768 32768
509 510 32768 32768
510 511 32768 32768
511 512 32768 32768
512 513 16384 16384
513 514 16384 16384
514 515 16384 16384
515 516 16384 16384
516 517 16384 16384
517 518 16384 16384
518 519 16384 16384
519 520 16384 16384
520 521 16384 16384
521 522 16384 16384
522 523 16384 16384
523 524 16384 16384
524 525 16384 16384
525 526 16384 16384
526 527 16384 16384
527 528 16384 16384
528 529 16384 16384
529 530 16384 16384
530 531 16384 16384
531 532 16384 16384
532 533 16384 16384
533 534 16384 16384
534 535 16384 16384
535 536 16384 16384
536 537 16384 16384
537 538 16384 16384
538 539 16384 16384
539 540 16384 16384
540 541 16384 16384
541 542 16384 16384
542 543 16384 16384
543 544 16384 16384
544 545 16384 16384
545 546 16384 16384
546 547 16384 16384
547 548 16384 16384
548 549 16384 16384
549 550 16384 16384
550 551 16384 16384
551 552 16384 16384
552 553 16384 16384
553 554 16384 16384
554 555 16384 16384
555 556 16384 16384
556 557 16384 16384
557 558 16384 16384
558 559 16384 16384
559 560 16384 16384
560 561 16384 16384
561 562 16384 16384
562 563 16384 16384
563 564 16384 16384
564 565 16384 16384
565 566 16384 16384
566 567 16384 16384
567 568 16384 16384
568 569 16384 16384
569 570 16384 16384
570 571 16384 16384
571 572 16384 16384
572 573 16384 16384
573 574 16384 16384
574 575 16384 16384
575 576 16384 16384
576 577 16384 16384
577 578 16384 16384
578 579 16384 16384
579 580 16384 16384
580 581 16384 16384
581 582 16384 16384
582 583 16384 16384
583 584 16384 16384
584 585 16384 16384
585 586 16384 16384
586 587 16384 16384
587 588 16384 16384
588 589 16384 16384
589 590 16384 16384
590 591 16384 16384
591 592 16384 16384
592 593 16384 16384
593 594 16384 16384
594 595 16384 16384
595 596 16384 16384
596 597 16384 16384
597 598 16384 16384
598 599 16384 16384
599 600 16384 16384
600 601 16384 16384
601 602 16384 16384
602 603 16384 16384
603 604 16384 16384
604 605 16384 16384
605 606 16384 16384
606 607 16384 16384
607 608 16384 16384
608 609 16384 16384
609 610 16384 16384
610 611 16384 16384
611 612 16384 16384
612 613 16384 16384
613 614 16384 16384
614 615 16384 16384
615 616 16384 16384
616 617 16384 16384
617 618 16384 16384
618 619 16384 16384
619 620 16384 16384
620 621 16384 16384
621 622 16384 16384
622 623 16384 16384
623 624 16384 16384
624 625 16384 16384
625 626 16384 16384
626 627 16384 16384
627 628 16384 16384
628 629 16384 16384
629 630 16384 16384
630 631 16384 16384
631 632 16384 16384
632 633 16384 16384
633 634 16384 16384
634 635 16384 16384
635 636 16384 16384
636 637 16384 16384
637 638 16384 16384
638 639 16384 16384
639 640 16384 16384
640 641 16384 16384
641 642 16384 16384
642 643 16384 16384
643 644 16384 16384
644 645 16384 16384
645 646 16384 16384
646 647 16384 16384
647 648 16384 16384
648 649 16384 16384
649 650 16384 16384
650 651 16384 16384
651 652 16384 16384
652 653 16384 16384
653 654 16384 16384
654 655 16384 16384
655 656 16384 16384
656 657 16384 16384
657 658 16384 16384
658 659 16384 16384
659 660 16384 16384
660 661 16384 16384
661 662 16384 16384
662 663 16384 16384
663 664 16384 16384
664 665 16384 16384
665 666 16384 16384
666 667 16384 16384
667 668 16384 16384
668 669 16384 16384
669 670 16384 16384
670 671 16384 16384
671 672 16384 16384
672 673 16384 16384
673 674 16384 16384
674 675 16384 16384
675 676 16384 16384
676 677 16384 16384
677 678 16384 16384
678 679 16384 16384
679 680 16384 16384
680 681 16384 16384
681 682 16384 16384
682 683 16384 16384
683 684 16384 16384
684 685 16384 16384
685 686 16384 16384
686 687 16384 16384
687 688 16384 16384
688 689 16384 16384
689 690 16384 16384
690 691 16384 16384
691 692 16384 16384
692 693 16384 16384
693 694 16384 16384
694 695 16384 16384
695 696 16384 16384
696 697 16384 16384
697 698 16384 16384
698 699 16384 16384
699 700 16384 16384
700 701 16384 16384
701 702 16384 16384
702 703 16384 16384
703 704 16384 16384
704 705 16384 16384
705 706 16384 16384
706 707 16384 16384
707 708 16384 16384
708 709 16384 16384
709 710 16384 16384
710 711 16384 16384
711 712 16384 16384
712 713 16384 16384
713 714 16384 16384
714 715 16384 16384
715 716 16384 16384
716 717 16384 16384
717 718 16384 16384
718 719 16384 16384
719 720 16384 16384
720 721 16384 16384
721 722 16384 16384
722 723 16384 16384
723 724 16384 16384
724 725 16384 16384
725 726 16384 16384
726 727 16384 16384
727 728 16384 16384
728 729 16384 16384
729 730 16384 16384
730 731 16384 16384
731 732 16384 16384
732 733 16384 16384
733 734 16384 16384
734 735 16384 16384
735 736 16384 16384
736 737 16384 16384
737 738 16384 16384
738 739 16384 16384
739 740 16384 16384
740 741 16384 16384
741 742 16384 16384
742 743 16384 16384
743 744 16384 16384
744 745 16384 16384
745 746 16384 16384
746 747 16384 16384
747 748 16384 16384
748 749 16384 16384
749 750 16384 16384
750 751 16384 16384
751 752 16384 16384
752 753 16384 16384
753 754 16384 16384
754 755 16384 16384
755 756 16384 16384
756 757 16384 16384
757 758 16384 16384
758 759 16384 16384
759 760 16384 16384
760 761 16384 16384
761 762 16384 16384
762 763 16384 16384
763 764 16384 16384
764 765 16384 16384
765 766 16384 16384
766 767 16384 16384
767 768 16384 16384
768 769 16384 16384
769 770 16384 16384
770 771 16384 16384
771 772 16384 16384
772 773 16384 16384
773 774 16384 16384
774 775 16384 16384
775 776 16384 16384
776 777 16384 16384
777 778 16384 16384
778 779 16384 16384
779 780 16384 16384
780 781 16384 16384
781 782 16384 16384
782 783 16384 16384
783 784 16384 16384
784 785 16384 16384
785 786 16384 16384
786 787 16384 16384
787 788 16384 16384
788 789 16384 16384
789 790 16384 16384
790 791 16384 16384
791 792 16384 16384
792 793 16384 16384
793 794 16384 16384
794 795 16384 16384
795 796 16384 16384
796 797 16384 16384
797 798 16384 16384
798 799 16384 16384
799 800 16384 16384
800 801 16384 16384
801 802 16384 16384
802 803 16384 16384
803 804 16384 16384
804 805 16384 16384
805 806 16384 16384
806 807 16384 16384
807 808 16384 16384
808 809 16384 16384
809 810 16384 16384
810 811 16384 16384
811 812 16384 16384
812 813 16384 16384
813 814 16384 16384
814 815 16384 16384
815 816 16384 16384
816 817 16384 16384
817 818 16384 16384
818 819 16384 16384
819 820 16384 16384
820 821 16384 16384
821 822 16384 16384
822 823 16384 16384
823 824 16384 16384
824 825 16384 16384
825 826 16384 16384
826 827 16384 16384
827 828 16384 16384
828 829 16384 16384
829 830 16384 16384
830 831 16384 16384
831 832 16384 16384
832 833 16384 16384
833 834 16384 16384
834 835 16384 16384
835 836 16384 16384
836 837 16384 16384
837 838 16384 16384
838 839 16384 16384
839 840 16384 16384
840 841 16384 16384
841 842 16384 16384
842 843 16384 16384
843 844 16384 16384
844 845 16384 16384
845 846 16384 16384
846 847 16384 16384
847 848 16384 16384
848 849 16384 16384
849 850 16384 16384
850 851 16384 16384
851 852 16384 16384
852 853 16384 16384
853 854 16384 16384
854 855 16384 16384
855 856 16384 16384
856 857 16384 16384
857 858 16384 16384
858 859 16384 16384
859 860 16384 16384
860 861 16384 16384
861 862 16384 16384
862 863 16384 16384
863 864 16384 16384
864 865 16384 16384
865 866 16384 16384
866 867 16384 16384
867 868 16384 16384
868 869 16384 16384
869 870 16384 16384
870 871 16384 16384
871 872 16384 16384
872 873 16384 16384
873 874 16384 16384
874 875 16384 16384
875 876 16384 16384
876 877 16384 16384
877 878 16384 16384
878 879 16384 16384
879 880 16384 16384
880 881 16384 16384
881 882 16384 16384
882 883 16384 16384
883 884 16384 16384
884 885 16384 16384
885 886 16384 16384
886 887 16384 16384
887 888 16384 16384
888 889 16384 16384
889 890 16384 16384
890 891 16384 16384
891 892 16384 16384
892 893 16384 16384
893 894 16384 16384
894 895 16384 16384
895 896 16384 16384
896 897 16384 16384
897 898 16384 16384
898 899 16384 16384
899 900 16384 16384
900 901 16384 16384
901 902 16384 16384
902 903 16384 16384
903 904 16384 16384
904 905 16384 16384
905 906 16384 16384
906 907 16384 16384
907 908 16384 16384
908 909 16384 16384
909 910 16384 16384
910 911 16384 16384
911 912 16384 16384
912 913 16384 16384
913 914 16384 16384
914 915 16384 16384
915 916 16384 16384
916 917 16384 16384
917 918 16384 16384
918 919 16384 16384
919 920 16384 16384
920 921 16384 16384
921 922 16384 16384
922 923 16384 16384
923 924 16384 16384
924 925 16384 16384
925 926 16384 16384
926 927 16384 16384
927 928 16384 16384
928 929 16384 16384
929 930 16384 16384
930 931 16384 16384
931 932 16384 16384
932 933 16384 16384
933 934 16384 16384
934 935 16384 16384
935 936 16384 16384
936 937 16384 16384
937 938 16384 16384
938 939 16384 16384
939 940 16384 16384
940 941 16384 16384
941 942 16384 16384
942 943 16384 16384
943 944 16384 16384
944 945 16384 16384
945 946 16384 16384
946 947 16384 16384
947 948 16384 16384
948 949 16384 16384
949 950 16384 16384
950 951 16384 16384
951 952 16384 16384
952 953 16384 16384
953 954 16384 16384
954 955 16384 16384
955 956 16384 16384
956 957 16384 16384
957 958 16384 16384
958 959 16384 16384
959 960 16384 16384
960 961 16384 16384
961 962 16384 16384
962 963 16384 16384
963 964 16384 16384
964 965 16384 16384
965 966 16384 16384
966 967 16384 16384
967 968 16384 16384
968 969 16384 16384
969 970 16384 16384
970 971 16384 16384
971 972 16384 16384
972 973 16384 16384
973 974 16384 16384
974 975 16384 16384
975 976 16384 16384
976 977 16384 16384
977 978 16384 16384
978 979 16384 16384
979 980 16384 16384
980 981 16384 16384
981 982 16384 16384
982 983 16384 16384
983 984 16384 16384
984 985 16384 16384
985 986 16384 16384
986 987 16384 16384
987 988 16384 16384
988 989 16384 16384
989 990 16384 16384
990 991 16384 16384
991 992 16384 16384
992 993 16384 16384
993 994 16384 16384
994 995 16384 16384
995 996 16384 16384
996 997 16384 16384
997 998 16384 16384
998 999 16384 16384
999 1000 16384 16384
